poradi 	  cislo1 cislo2 nsn	 nsd
 --------------------------------------------------
      1.     18      6     18      6 
      2.     34     79   2686      1 
      3.     81     66   1782      3 
      4.     92     28    644      4 
      5.     15     25     75      5 
      6.     56     71   3976      1 
      7.     52     90   2340      2 
      8.     73     11    803      1 
      9.     55     48   2640      1 
     10.      7     88    616      1 
     11.     24     49   1176      1 
     12.     12      1     12      1 
     13.     33     15    165      3 
     14.     92     62   2852      2 
     15.     23     92     92     23 
